
[1]
1 

[2]
2 
3 1 

[3]
5 4 
6 3 1 
7 2 

[4]
8 
9 7 2 
10 6 3 1 
11 5 4 

[5]
13 12 9 7 2 
14 11 5 4 
15 10 6 3 1 
16 9 7 2 
17 8 

[6]
18 15 10 6 3 1 
19 17 8 
20 16 9 7 2 
21 15 10 6 3 1 
22 14 11 5 4 
23 13 12 9 7 2 

[7]
25 24 17 8 
26 23 13 12 
27 22 14 11 5 4 
28 21 15 10 6 3 1 
29 20 16 9 7 2 
30 19 17 8 
31 18 14 11 5 4 

[8]
32 25 24 17 8 
33 31 18 14 11 5 4 
34 30 19 17 8 
35 29 20 16 9 7 2 
36 28 21 15 10 6 3 1 
37 27 22 14 11 5 4 
38 26 23 13 12 
39 25 24 17 8 

[9]
41 40 29 20 16 9 7 2 
42 39 25 24 21 15 10 6 3 1 
43 38 26 23 13 12 
44 37 27 22 14 11 5 4 
45 36 28 21 15 10 6 3 1 
46 35 29 20 16 9 7 2 
47 34 30 19 17 8 
48 33 31 18 
49 32 24 21 15 10 6 3 1 

[10]
50 39 25 24 21 15 10 6 3 1 
51 49 32 24 21 15 10 6 3 1 
52 48 33 31 18 
53 47 34 30 19 17 8 
54 46 35 29 20 16 9 7 2 
55 45 36 28 21 15 10 6 3 1 
56 44 37 27 22 14 11 5 4 
57 43 38 26 23 13 12 
58 42 39 25 24 21 15 10 6 3 1 
59 41 40 29 20 16 9 7 2 
