[1]
 1 

[2]
 3  1 
 2 

[3]
 6  3  1 
 7  2 
 5  4 

[4]
10  6  3  1 
 9  7  2 
11  5  4 
 8 

[5]
15 10  6  3  1 
16  9  7  2 
14 11  5  4 
17  8 
13 12 

[6]
21 15 10  6  3  1 
20 16  9  7  2 
22 14 11  5  4 
19 17  8 
23 13 12 
18 

[7]
28 21 15 10  6  3  1 
29 20 16  9  7  2 
27 22 14 11  5  4 
30 19 17  8 
26 23 13 12 
31 18 
25 24 

[8]
36 28 21 15 10  6  3  1 
35 29 20 16  9  7  2 
37 27 22 14 11  5  4 
34 30 19 17  8 
38 26 23 13 12 
33 31 18 
39 25 24 
32 

[9]
45 36 28 21 15 10  6  3  1 
46 35 29 20 16  9  7  2 
44 37 27 22 14 11  5  4 
47 34 30 19 17  8 
43 38 26 23 13 12 
48 33 31 18 
42 39 25 24 
49 32 
41 40 

[10]
55 45 36 28 21 15 10  6  3  1 
54 46 35 29 20 16  9  7  2 
56 44 37 27 22 14 11  5  4 
53 47 34 30 19 17  8 
57 43 38 26 23 13 12 
52 48 33 31 18 
58 42 39 25 24 
51 49 32 
59 41 40 
50 

