1 

1 
2 

1 3 
2 

1 3 
2 
4 

1 3 
2 
4 5 

1 3 6 
2 
4 5 

1 3 6 
2 7 
4 5 

1 3 6 
2 7 
4 5 
8 

1 3 6 
2 7 9 
4 5 
8 

1 3 6 10 
2 7 9 
4 5 
8 

1 3 6 10 
2 7 9 
4 5 11 
8 

1 3 6 10 
2 7 9 
4 5 11 
8 
12 

1 3 6 10 
2 7 9 
4 5 11 
8 
12 13 

1 3 6 10 
2 7 9 
4 5 11 14 
8 
12 13 

1 3 6 10 15 
2 7 9 
4 5 11 14 
8 
12 13 

1 3 6 10 15 
2 7 9 16 
4 5 11 14 
8 
12 13 

1 3 6 10 15 
2 7 9 16 
4 5 11 14 
8 17 
12 13 

1 3 6 10 15 
2 7 9 16 
4 5 11 14 
8 17 
12 13 
18 

1 3 6 10 15 
2 7 9 16 
4 5 11 14 
8 17 19 
12 13 
18 

1 3 6 10 15 
2 7 9 16 20 
4 5 11 14 
8 17 19 
12 13 
18 

1 3 6 10 15 21 
2 7 9 16 20 
4 5 11 14 
8 17 19 
12 13 
18 

1 3 6 10 15 21 
2 7 9 16 20 
4 5 11 14 22 
8 17 19 
12 13 
18 

1 3 6 10 15 21 
2 7 9 16 20 
4 5 11 14 22 
8 17 19 
12 13 23 
18 

1 3 6 10 15 21 
2 7 9 16 20 
4 5 11 14 22 
8 17 19 
12 13 23 
18 
24 

1 3 6 10 15 21 
2 7 9 16 20 
4 5 11 14 22 
8 17 19 
12 13 23 
18 
24 25 

1 3 6 10 15 21 
2 7 9 16 20 
4 5 11 14 22 
8 17 19 
12 13 23 26 
18 
24 25 

1 3 6 10 15 21 
2 7 9 16 20 
4 5 11 14 22 27 
8 17 19 
12 13 23 26 
18 
24 25 

1 3 6 10 15 21 28 
2 7 9 16 20 
4 5 11 14 22 27 
8 17 19 
12 13 23 26 
18 
24 25 

1 3 6 10 15 21 28 
2 7 9 16 20 29 
4 5 11 14 22 27 
8 17 19 
12 13 23 26 
18 
24 25 

1 3 6 10 15 21 28 
2 7 9 16 20 29 
4 5 11 14 22 27 
8 17 19 30 
12 13 23 26 
18 
24 25 

1 3 6 10 15 21 28 
2 7 9 16 20 29 
4 5 11 14 22 27 
8 17 19 30 
12 13 23 26 
18 31 
24 25 

1 3 6 10 15 21 28 
2 7 9 16 20 29 
4 5 11 14 22 27 
8 17 19 30 
12 13 23 26 
18 31 
24 25 
32 

1 3 6 10 15 21 28 
2 7 9 16 20 29 
4 5 11 14 22 27 
8 17 19 30 
12 13 23 26 
18 31 33 
24 25 
32 

1 3 6 10 15 21 28 
2 7 9 16 20 29 
4 5 11 14 22 27 
8 17 19 30 34 
12 13 23 26 
18 31 33 
24 25 
32 

1 3 6 10 15 21 28 
2 7 9 16 20 29 35 
4 5 11 14 22 27 
8 17 19 30 34 
12 13 23 26 
18 31 33 
24 25 
32 

1 3 6 10 15 21 28 36 
2 7 9 16 20 29 35 
4 5 11 14 22 27 
8 17 19 30 34 
12 13 23 26 
18 31 33 
24 25 
32 

1 3 6 10 15 21 28 36 
2 7 9 16 20 29 35 
4 5 11 14 22 27 37 
8 17 19 30 34 
12 13 23 26 
18 31 33 
24 25 
32 

1 3 6 10 15 21 28 36 
2 7 9 16 20 29 35 
4 5 11 14 22 27 37 
8 17 19 30 34 
12 13 23 26 38 
18 31 33 
24 25 
32 

1 3 6 10 15 21 28 36 
2 7 9 16 20 29 35 
4 5 11 14 22 27 37 
8 17 19 30 34 
12 13 23 26 38 
18 31 33 
24 25 39 
32 

1 3 6 10 15 21 28 36 
2 7 9 16 20 29 35 
4 5 11 14 22 27 37 
8 17 19 30 34 
12 13 23 26 38 
18 31 33 
24 25 39 
32 
40 

1 3 6 10 15 21 28 36 
2 7 9 16 20 29 35 
4 5 11 14 22 27 37 
8 17 19 30 34 
12 13 23 26 38 
18 31 33 
24 25 39 
32 
40 41 

1 3 6 10 15 21 28 36 
2 7 9 16 20 29 35 
4 5 11 14 22 27 37 
8 17 19 30 34 
12 13 23 26 38 
18 31 33 
24 25 39 42 
32 
40 41 

1 3 6 10 15 21 28 36 
2 7 9 16 20 29 35 
4 5 11 14 22 27 37 
8 17 19 30 34 
12 13 23 26 38 43 
18 31 33 
24 25 39 42 
32 
40 41 

1 3 6 10 15 21 28 36 
2 7 9 16 20 29 35 
4 5 11 14 22 27 37 44 
8 17 19 30 34 
12 13 23 26 38 43 
18 31 33 
24 25 39 42 
32 
40 41 

1 3 6 10 15 21 28 36 45 
2 7 9 16 20 29 35 
4 5 11 14 22 27 37 44 
8 17 19 30 34 
12 13 23 26 38 43 
18 31 33 
24 25 39 42 
32 
40 41 

1 3 6 10 15 21 28 36 45 
2 7 9 16 20 29 35 46 
4 5 11 14 22 27 37 44 
8 17 19 30 34 
12 13 23 26 38 43 
18 31 33 
24 25 39 42 
32 
40 41 

1 3 6 10 15 21 28 36 45 
2 7 9 16 20 29 35 46 
4 5 11 14 22 27 37 44 
8 17 19 30 34 47 
12 13 23 26 38 43 
18 31 33 
24 25 39 42 
32 
40 41 

1 3 6 10 15 21 28 36 45 
2 7 9 16 20 29 35 46 
4 5 11 14 22 27 37 44 
8 17 19 30 34 47 
12 13 23 26 38 43 
18 31 33 48 
24 25 39 42 
32 
40 41 

1 3 6 10 15 21 28 36 45 
2 7 9 16 20 29 35 46 
4 5 11 14 22 27 37 44 
8 17 19 30 34 47 
12 13 23 26 38 43 
18 31 33 48 
24 25 39 42 
32 49 
40 41 

1 3 6 10 15 21 28 36 45 
2 7 9 16 20 29 35 46 
4 5 11 14 22 27 37 44 
8 17 19 30 34 47 
12 13 23 26 38 43 
18 31 33 48 
24 25 39 42 
32 49 
40 41 
50 

1 3 6 10 15 21 28 36 45 
2 7 9 16 20 29 35 46 
4 5 11 14 22 27 37 44 
8 17 19 30 34 47 
12 13 23 26 38 43 
18 31 33 48 
24 25 39 42 
32 49 51 
40 41 
50 

1 3 6 10 15 21 28 36 45 
2 7 9 16 20 29 35 46 
4 5 11 14 22 27 37 44 
8 17 19 30 34 47 
12 13 23 26 38 43 
18 31 33 48 52 
24 25 39 42 
32 49 51 
40 41 
50 

1 3 6 10 15 21 28 36 45 
2 7 9 16 20 29 35 46 
4 5 11 14 22 27 37 44 
8 17 19 30 34 47 53 
12 13 23 26 38 43 
18 31 33 48 52 
24 25 39 42 
32 49 51 
40 41 
50 

1 3 6 10 15 21 28 36 45 
2 7 9 16 20 29 35 46 54 
4 5 11 14 22 27 37 44 
8 17 19 30 34 47 53 
12 13 23 26 38 43 
18 31 33 48 52 
24 25 39 42 
32 49 51 
40 41 
50 

1 3 6 10 15 21 28 36 45 55 
2 7 9 16 20 29 35 46 54 
4 5 11 14 22 27 37 44 
8 17 19 30 34 47 53 
12 13 23 26 38 43 
18 31 33 48 52 
24 25 39 42 
32 49 51 
40 41 
50 

1 3 6 10 15 21 28 36 45 55 
2 7 9 16 20 29 35 46 54 
4 5 11 14 22 27 37 44 56 
8 17 19 30 34 47 53 
12 13 23 26 38 43 
18 31 33 48 52 
24 25 39 42 
32 49 51 
40 41 
50 

1 3 6 10 15 21 28 36 45 55 
2 7 9 16 20 29 35 46 54 
4 5 11 14 22 27 37 44 56 
8 17 19 30 34 47 53 
12 13 23 26 38 43 57 
18 31 33 48 52 
24 25 39 42 
32 49 51 
40 41 
50 

1 3 6 10 15 21 28 36 45 55 
2 7 9 16 20 29 35 46 54 
4 5 11 14 22 27 37 44 56 
8 17 19 30 34 47 53 
12 13 23 26 38 43 57 
18 31 33 48 52 
24 25 39 42 58 
32 49 51 
40 41 
50 

1 3 6 10 15 21 28 36 45 55 
2 7 9 16 20 29 35 46 54 
4 5 11 14 22 27 37 44 56 
8 17 19 30 34 47 53 
12 13 23 26 38 43 57 
18 31 33 48 52 
24 25 39 42 58 
32 49 51 
40 41 59 
50 

59
